32, 1, 7
tensor([[[0.2193, 0.0378, 0.0260, 0.1075, 0.0202, 0.4341, 0.1550]],

        [[0.6922, 0.0245, 0.0149, 0.0178, 0.0184, 0.1099, 0.1223]],

        [[0.2719, 0.0409, 0.0502, 0.1036, 0.0544, 0.2692, 0.2097]],

        [[0.4355, 0.0403, 0.0526, 0.0971, 0.0532, 0.2126, 0.1088]],

        [[0.5082, 0.0237, 0.0269, 0.1325, 0.0405, 0.2396, 0.0286]],

        [[0.2297, 0.0372, 0.0654, 0.1191, 0.0507, 0.2339, 0.2641]],

        [[0.1897, 0.1201, 0.0733, 0.1335, 0.0628, 0.3216, 0.0990]],

        [[0.3909, 0.0256, 0.0341, 0.2311, 0.0680, 0.1184, 0.1320]],

        [[0.4759, 0.0246, 0.0279, 0.1440, 0.0660, 0.0942, 0.1676]],

        [[0.5781, 0.0448, 0.0381, 0.0772, 0.0371, 0.0901, 0.1346]],

        [[0.2284, 0.1179, 0.0858, 0.1706, 0.1169, 0.1647, 0.1158]],

        [[0.0968, 0.0115, 0.0090, 0.0400, 0.0119, 0.0524, 0.7784]],

        [[0.3486, 0.0411, 0.0437, 0.1389, 0.0563, 0.2078, 0.1636]],

        [[0.2277, 0.0171, 0.0167, 0.1733, 0.0478, 0.3103, 0.2071]],

        [[0.4347, 0.0615, 0.0712, 0.1456, 0.0570, 0.1043, 0.1257]],

        [[0.3234, 0.0156, 0.0215, 0.1068, 0.0227, 0.2347, 0.2753]],

        [[0.1932, 0.0025, 0.0055, 0.1648, 0.0026, 0.4841, 0.1473]],

        [[0.4451, 0.0601, 0.0984, 0.1676, 0.0469, 0.1377, 0.0442]],

        [[0.2410, 0.0203, 0.0368, 0.2463, 0.0469, 0.1497, 0.2589]],

        [[0.2775, 0.0365, 0.0542, 0.1589, 0.0442, 0.2404, 0.1883]],

        [[0.3052, 0.0317, 0.0380, 0.1478, 0.0471, 0.2524, 0.1777]],

        [[0.3369, 0.0275, 0.0376, 0.1814, 0.0389, 0.1601, 0.2175]],

        [[0.3019, 0.0248, 0.0354, 0.0894, 0.0303, 0.1002, 0.4180]],

        [[0.3542, 0.0248, 0.0260, 0.1299, 0.0386, 0.2519, 0.1746]],

        [[0.6540, 0.1166, 0.0732, 0.0190, 0.0915, 0.0125, 0.0332]],

        [[0.2739, 0.0117, 0.0238, 0.2727, 0.0430, 0.1636, 0.2112]],

        [[0.7596, 0.0090, 0.0111, 0.0729, 0.0125, 0.0615, 0.0734]],

        [[0.3680, 0.0126, 0.0244, 0.2220, 0.0234, 0.1296, 0.2200]],

        [[0.2570, 0.0399, 0.0311, 0.0749, 0.0902, 0.3720, 0.1350]],

        [[0.8416, 0.0038, 0.0022, 0.0551, 0.0037, 0.0491, 0.0445]],

        [[0.1134, 0.0221, 0.0453, 0.1212, 0.0602, 0.3357, 0.3020]],

        [[0.3425, 0.0874, 0.1186, 0.2066, 0.0557, 0.1387, 0.0505]]])