32, 6, 6
tensor([[[1.0000, 0.0000, 0.0000, 0.0000, 0.0000, 0.0000],
         [0.7754, 0.2246, 0.0000, 0.0000, 0.0000, 0.0000],
         [0.5708, 0.2461, 0.1831, 0.0000, 0.0000, 0.0000],
         [0.1947, 0.0398, 0.0311, 0.7344, 0.0000, 0.0000],
         [0.3106, 0.0874, 0.0874, 0.4331, 0.0815, 0.0000],
         [0.3660, 0.0982, 0.0610, 0.3236, 0.0502, 0.1010]],

        [[1.0000, 0.0000, 0.0000, 0.0000, 0.0000, 0.0000],
         [0.9782, 0.0218, 0.0000, 0.0000, 0.0000, 0.0000],
         [0.9348, 0.0469, 0.0183, 0.0000, 0.0000, 0.0000],
         [0.9061, 0.0219, 0.0220, 0.0500, 0.0000, 0.0000],
         [0.9087, 0.0269, 0.0158, 0.0233, 0.0253, 0.0000],
         [0.7646, 0.0283, 0.0209, 0.0328, 0.0282, 0.1251]],

        [[1.0000, 0.0000, 0.0000, 0.0000, 0.0000, 0.0000],
         [0.8152, 0.1848, 0.0000, 0.0000, 0.0000, 0.0000],
         [0.6515, 0.1590, 0.1896, 0.0000, 0.0000, 0.0000],
         [0.5222, 0.0715, 0.1280, 0.2782, 0.0000, 0.0000],
         [0.5142, 0.0515, 0.0762, 0.2009, 0.1573, 0.0000],
         [0.3295, 0.0578, 0.0586, 0.1281, 0.0575, 0.3685]],

        ...,

        [[1.0000, 0.0000, 0.0000, 0.0000, 0.0000, 0.0000],
         [0.9839, 0.0161, 0.0000, 0.0000, 0.0000, 0.0000],
         [0.9447, 0.0350, 0.0203, 0.0000, 0.0000, 0.0000],
         [0.9583, 0.0026, 0.0015, 0.0376, 0.0000, 0.0000],
         [0.8284, 0.0347, 0.0199, 0.0974, 0.0195, 0.0000],
         [0.7662, 0.0035, 0.0019, 0.0976, 0.0043, 0.1266]],

        [[1.0000, 0.0000, 0.0000, 0.0000, 0.0000, 0.0000],
         [0.7046, 0.2954, 0.0000, 0.0000, 0.0000, 0.0000],
         [0.4501, 0.2582, 0.2917, 0.0000, 0.0000, 0.0000],
         [0.2240, 0.1648, 0.1945, 0.4167, 0.0000, 0.0000],
         [0.0936, 0.0360, 0.1221, 0.4968, 0.2514, 0.0000],
         [0.1591, 0.0417, 0.0683, 0.1729, 0.1141, 0.4438]],

        [[1.0000, 0.0000, 0.0000, 0.0000, 0.0000, 0.0000],
         [0.6716, 0.3284, 0.0000, 0.0000, 0.0000, 0.0000],
         [0.5413, 0.1880, 0.2706, 0.0000, 0.0000, 0.0000],
         [0.4351, 0.1087, 0.1428, 0.3134, 0.0000, 0.0000],
         [0.4366, 0.0642, 0.1126, 0.2704, 0.1162, 0.0000],
         [0.3610, 0.0457, 0.0727, 0.2408, 0.0721, 0.2078]]])